190 1
75 1
69 0
250 1
121 0
137 1
108 1
180 1
244 1
105 1
42 0
96 1
13 0
7 0
238 0
190 0
185 0
213 0
113 1
55 1
225 1
131 1
189 0
51 1
141 1
6 1
44 0
160 0
7 1
37 0
171 0
216 1
253 1
11 0
50 0
44 0
7 0
2 1
167 1
216 0
27 1
9 1
181 0
243 1
164 0
240 1
33 1
25 0
250 0
114 1
7 0
197 0
104 1
132 0
132 1
8 1
195 1
29 0
67 0
36 1
88 0
195 1
169 1
174 0
170 0
21 1
166 0
23 0
145 1
3 1
156 0
142 0
84 1
254 0
166 0
191 1
141 0
127 0
246 1
207 1
18 1
204 0
214 1
229 1
217 1
243 1
2 0
217 0
230 1
65 0
48 0
93 0
26 1
86 1
228 1
182 1
67 1
177 1
43 0
96 1
238 1
97 0
37 1
31 1
136 1
95 1
148 0
86 1
0 0
1 0
197 0
201 1
86 0
132 0
237 0
1 1
125 1
75 1
88 1
171 0
246 1
14 0
116 0
143 0
169 0
224 0
16 0
52 1
19 0
251 1
252 0
239 1
193 1
76 1
252 1
117 0
36 1
162 1
176 1
21 1
210 1
135 1
37 0
190 0
93 1
24 0
241 1
232 0
10 0
61 1
76 0
130 1
13 0
58 0
111 1
5 0
152 1
216 1
43 1
227 0
32 1
64 1
195 0
138 1
175 1
113 1
11 1
94 0
69 0
239 0
211 1
182 0
166 0
144 1
157 0
226 0
118 0
243 1
47 0
5 1
33 0
167 0
172 1
240 1
252 1
44 1
38 1
214 0
80 1
95 1
247 1
100 0
2 1
178 1
68 1
115 0
40 0
109 0
82 1
126 0
137 0
8 1
43 0
36 0
21 1
7 1
150 1
21 1
231 1
196 0
179 1
112 1
232 0
171 0
114 0
16 0
218 1
25 0
108 1
8 1
231 0
30 1
167 1
18 1
208 1
159 1
30 0
230 0
189 0
131 1
167 1
50 0
81 1
105 0
97 1
154 0
154 0
54 1
177 0
204 1
114 0
71 1
72 0
40 0
191 0
56 1
253 0
66 0
119 0
14 1
214 1
96 0
254 1
14 0
219 0
71 0
173 1
255 1
251 1
45 0
151 0
231 0
217 0
229 1
28 0
109 0
19 0
126 1
119 1
237 1
195 0
58 0
233 0
171 0
245 0
116 1
146 1
25 1
203 0
124 0
22 0
137 0
164 0
125 1
195 0
182 0
136 1
83 0
68 1
255 0
232 1
115 1
20 1
92 0
87 1
194 1
151 1
216 1
125 1
112 0
79 1
230 0
243 0
113 1
0 0
188 0
209 1
21 1
27 1
47 1
18 0
118 0
33 1
175 0
193 0
43 1
212 1
31 0
55 1
155 1
53 0
182 1
244 0
170 0
166 1
157 1
226 0
96 1
89 1
143 1
6 0
166 1
180 0
63 0
72 1
93 0
82 1
89 0
169 1
85 0
205 1
50 0
180 0
211 1
132 0
247 1
4 1
125 1
246 0
86 0
202 0
84 1
115 1
25 1
209 1
61 1
146 1
56 0
184 1
239 0
64 1
215 1
3 1
227 0
83 1
234 0
146 1
44 1
8 1
95 0
32 1
132 1
236 0
177 1
225 0
27 0
17 0
96 1
13 1
18 0
118 0
173 1
5 1
185 1
180 1
195 1
152 1
206 1
228 1
219 0
123 0
185 0
102 1
8 0
64 1
51 0
67 1
0 1
61 0
243 1
142 0
244 1
179 1
188 1
116 0
28 1
140 0
34 1
119 1
242 1
30 0
72 1
66 0
116 1
31 0
94 1
53 0
110 1
22 1
103 0
205 1
223 1
69 1
132 1
144 1
150 1
42 0
169 1
128 1
231 0
153 1
5 1
10 1
65 0
26 1
1 0
76 0
118 0
102 1
191 0
87 0
119 0
56 1
246 0
32 0
127 0
238 0
96 1
120 1
175 0
219 1
115 0
94 1
57 0
196 0
214 1
11 0
84 0
99 0
212 0
100 0
166 0
97 1
79 1
29 0
70 0
27 0
209 1
204 0
213 1
3 0
242 1
215 0
41 1
120 1
80 1
145 1
239 0
119 1
240 1
55 0
108 1
19 0
115 1
9 0
97 0
116 1
76 1
9 1
102 0
28 0
143 0
183 0
242 1
165 1
166 1
200 0
201 1
146 0
187 0
60 0
80 0
127 1
3 1
3 0
233 1
34 0
117 1
18 1
110 1
141 1
83 1
183 1
15 0
108 1
38 1
174 1
74 0
102 0
109 1
138 1
74 1
66 1
210 0
53 1
167 0
75 0
9 0
235 1
124 0
13 1
104 0
102 0
42 0
101 1
109 1
217 0
83 0
91 0
119 0
87 1
58 0
196 0
103 0
148 1
105 0
105 0
57 0
17 0
91 1
200 0
175 1
61 0
203 1
38 1
32 0
1 0
215 1
168 1
102 1
163 0
208 0
48 1
188 0
100 0
220 1
71 1
198 1
202 1
136 0
230 0
204 0
156 0
80 0
163 0
83 0
245 1
148 0
149 0
216 0
9 1
110 0
210 1
105 1
115 0
243 1
89 1
132 1
216 0
237 0
170 1
57 0
128 1
197 0
183 1
187 1
155 1
110 1
138 1
125 0
186 1
128 1
208 0
150 0
152 0
79 1
148 0
55 0
124 0
184 1
191 0
38 1
245 0
241 0
60 0
237 1
237 1
21 0
199 1
148 0
157 1
172 1
46 0
232 1
194 0
54 0
93 1
88 0
35 1
19 0
103 1
114 1
63 1
222 1
240 0
211 0
249 1
203 0
233 1
209 0
200 0
95 0
212 1
220 1
16 0
76 0
175 1
62 1
157 1
16 0
213 1
242 0
19 1
71 1
19 0
252 0
155 0
147 1
233 1
117 1
31 1
233 1
61 0
193 1
187 0
99 1
43 1
61 0
187 1
221 0
221 1
231 0
237 1
21 1
25 0
215 0
221 1
175 1
192 0
67 1
47 1
105 0
158 0
186 0
35 1
7 1
169 1
55 1
194 0
229 0
100 0
246 0
111 1
167 0
91 0
100 1
5 0
75 1
240 0
207 0
241 0
223 0
165 0
201 1
14 1
62 0
145 0
112 0
37 1
9 1
233 0
30 0
220 0
125 1
127 0
105 0
57 0
105 0
39 1
156 0
248 1
80 0
191 0
178 0
40 0
2 0
101 1
145 0
34 0
180 0
158 0
35 0
213 0
82 0
162 0
67 0
150 1
191 1
84 1
222 1
181 0
124 1
91 1
163 1
169 0
145 0
38 0
142 0
164 1
191 1
177 0
207 1
21 1
225 0
156 1
108 1
127 1
25 0
134 1
240 1
180 0
209 0
1 1
198 1
150 1
108 0
145 0
17 0
115 1
120 0
159 1
64 0
191 0
37 0
215 0
242 0
133 1
67 1
108 1
252 1
232 0
110 0
193 1
212 1
204 0
242 0
203 1
69 0
42 1
243 0
58 0
166 1
60 0
34 0
142 1
9 1
221 1
152 1
92 1
225 0
66 1
116 0
208 1
39 1
6 1
223 0
249 0
115 1
146 1
187 1
26 1
222 0
254 0
27 1
32 0
53 1
76 1
161 1
81 0
108 0
184 1
184 0
170 1
113 0
72 1
137 0
82 1
230 1
108 0
252 0
54 0
203 1
172 0
198 1
168 1
199 1
139 0
148 1
64 0
251 0
92 1
20 1
185 0
97 0
222 0
95 0
211 1
160 1
88 0
17 0
115 1
223 1
223 1
145 0
188 1
250 0
110 1
242 0
111 0
172 1
91 1
209 0
134 0
151 1
107 0
166 1
247 1
88 1
116 0
42 0
36 1
126 0
71 0
186 0
96 1
7 0
168 0
102 1
73 1
130 0
251 0
63 1
229 0
24 1
121 1
175 0
86 1
37 0
52 1
176 0
63 0
254 1
25 0
110 1
231 1
103 0
150 1
200 1
27 0
59 1
164 0
77 0
154 0
108 1
87 0
102 1
27 1
99 1
189 0
212 0
161 1
159 1
102 0
22 1
107 1
162 0
61 1
205 1
169 0
23 1
106 0
103 0
124 0
117 1
191 1
13 1
46 0
94 1
243 0
223 0
187 0
109 1
124 1
127 1
3 1
128 1
232 1
157 1
185 0
5 1
211 0
176 1
242 1
243 0
210 0
33 1
91 1
88 0
69 1
154 0
30 1
161 1
61 1
40 1
247 0
196 0
134 1
150 1
180 0
137 1
195 1
9 0
48 1
154 1
71 0
71 1
142 1
31 1
21 1
154 1
118 0
29 0
22 0
207 1
248 0
37 1
165 1
99 0
242 0
124 1
91 1
149 1
92 1
129 0
136 1
3 1
143 0
221 1
4 1
178 0
211 1
173 0
2 0
233 0
216 1
253 0
163 0
102 1
58 1
153 0
17 1
8 0
118 0
191 1
65 1
191 0
39 1
211 1
70 1
202 1
65 1
252 0
38 0
26 1
228 1
223 0
213 1
110 1
148 0
40 0
175 0
67 0
165 1
39 0
194 1
140 1
170 1
183 0
216 1
82 1
217 1
214 1
166 0
132 1
100 1
134 1
149 1
139 0
233 0
165 0
1 0
7 0
117 1
23 1
5 0
9 1
110 1
29 0
21 1
241 0
154 0
20 0
214 0
3 0
180 0
189 1
128 0
76 1
97 0
204 0
82 1
243 1
88 1
77 0
151 1
228 0
49 0
68 1
112 1
81 0
45 1
36 1
247 1
13 1
22 1
181 1
75 0
91 1
231 1
30 1
160 1
246 1
165 0
138 1
16 1
69 1
13 1
69 0
109 1
13 0
211 1
29 1
172 1
251 1
236 0
42 1
255 0
36 0
127 1
225 1
154 1
206 1
254 0
239 1
39 0
30 0
244 0
74 0
157 0
119 1
88 0
75 1
42 1
107 1
49 1
103 0
118 0
44 1
118 0
246 1
245 1
143 0
83 0
64 1
25 0
113 0
23 0
245 1
186 1
247 0
71 1
78 1
128 1
92 0
205 1
129 0
44 1
147 0
16 0
251 1
198 1
165 1
96 0
115 0
23 1
234 0
121 0
208 0
31 1
203 0
35 1
6 1
84 1
136 0
108 0
62 0
4 1
240 1
218 1
123 0
96 0
140 0
239 1
171 0
194 1
170 0
59 1
218 1
73 1
187 0
122 1
222 0
87 1
21 0
54 1
15 1
163 1
7 0
40 1
28 0
46 0
191 0
211 1
240 0
103 0
251 1
80 0
201 0
129 1
72 1
97 1
99 0
203 0
186 0
37 0
237 1
57 1
137 0
77 1
39 1
189 0
120 0
61 0
239 0
215 1
164 0
52 1
76 0
171 0
210 0
249 0
179 1
24 1
72 1
85 0
124 1
11 1
189 0
108 0
198 1
24 0
116 0
136 1
33 0
3 0
185 1
197 1
83 0
201 0
145 0
184 1
182 1
148 1
61 1
4 1
38 1
158 0
212 0
253 1
239 1
94 1
180 0
25 1
128 1
44 1
147 1
203 1
172 0
249 0
59 0
190 1
183 0
134 1
236 0
125 1
250 0
209 0
60 1
130 1
99 0
1 1
242 0
249 0
123 1
125 0
87 0
14 1
63 1
93 0
90 0
255 1
233 0
184 1
131 0
77 1
116 1
213 0
73 0
45 1
43 0
103 1
56 1
126 0
184 0
178 1
238 0
218 1
109 0
142 0
110 1
125 0
141 1
5 1
169 1
198 1
4 0
101 1
109 0
4 0
96 1
61 1
152 1
97 1
140 0
128 1
115 1
242 1
94 0
119 1
218 1
161 1
178 0
191 0
102 0
55 1
134 1
16 1
182 0
210 0
39 1
247 1
53 0
138 0
19 1
89 0
175 1
30 0
220 1
143 1
4 1
84 0
35 1
211 0
196 1
16 0
152 0
100 0
109 0
57 0
213 1
50 1
36 0
55 0
163 0
4 0
78 1
155 1
226 1
244 0
129 1
103 0
138 1
131 1
141 1
226 0
195 0
162 1
115 1
235 1
211 1
97 0
191 1
148 1
116 1
60 0
83 0
204 1
6 1
61 0
153 0
187 0
138 1
198 1
31 1
0 0
76 1
218 0
50 0
72 1
79 0
61 0
138 1
226 0
38 0
245 1
232 1
43 1
126 0
188 1
228 0
98 1
131 1
131 1
95 0
51 1
168 0
127 0
198 1
17 1
0 1
54 1
189 1
72 0
17 1
254 1
216 0
48 1
6 0
164 0
195 0
143 0
43 0
170 0
225 0
149 0
7 1
142 0
103 1
220 0
206 0
232 0
144 1
230 1
148 1
4 0
235 1
38 1
43 0
248 0
130 1
58 1
121 0
140 0
147 0
63 1
144 1
28 0
148 1
223 1
164 0
156 1
25 0
57 0
111 0
191 0
144 0
20 1
201 1
51 1
98 1
167 0
18 1
88 1
168 0
225 0
180 0
149 0
201 0
83 1
56 0
20 0
198 1
141 0
225 0
47 0
108 0
157 0
210 1
192 0
71 1
145 1
168 0
144 1
47 0
60 0
13 0
155 0
216 1
67 0
229 1
161 1
55 1
170 1
39 0
39 0
119 0
208 0
168 1
234 0
191 1
144 1
38 1
228 0
54 0
106 1
202 0
110 0
30 0
13 0
165 0
213 0
230 1
38 1
45 0
186 0
221 1
104 0
16 0
232 0
57 0
29 1
65 0
46 1
68 0
119 0
180 0
152 0
51 0
235 0
151 0
60 0
38 0
250 0
113 0
228 1
236 1
137 0
243 0
87 1
11 0
204 0
178 0
75 1
248 0
35 0
159 0
167 0
72 0
210 1
184 0
169 0
101 1
143 0
192 1
130 0
187 1
31 1
242 1
37 1
123 0
198 1
136 1
88 0
49 0
48 1
60 0
31 1
163 1
125 1
176 1
184 1
196 1
211 1
215 0
177 1
63 0
239 1
229 0
138 0
83 0
20 1
229 0
59 0
156 1
103 1
148 1
121 0
133 1
53 0
103 0
85 0
13 0
224 1
75 0
117 1
8 1
0 0
213 0
185 1
72 1
75 0
225 1
151 1
247 1
23 0
171 0
31 0
122 1
43 1
242 0
86 0
207 1
201 0
83 1
37 1
211 0
227 1
67 1
107 0
62 0
175 1
2 0
41 0
90 0
120 1
44 0
142 0
76 1
234 1
102 1
126 1
232 0
83 0
244 0
162 1
74 0
162 0
229 1
33 1
217 0
30 0
236 1
106 1
113 1
197 1
68 1
228 1
166 0
75 1
229 1
146 1
70 1
74 1
192 0
57 1
214 1
111 1
48 0
29 0
67 0
171 1
23 0
103 0
78 1
243 1
159 0
124 0
241 1
219 1
78 0
58 1
4 0
63 0
76 0
245 1
66 1
168 0
140 1
251 1
145 0
162 0
72 1
170 1
2 0
128 1
242 0
178 1
130 1
107 1
10 0
168 1
196 1
229 0
49 1
125 0
97 1
91 0
85 1
201 1
54 0
200 0
11 0
35 1
218 0
94 1
63 1
71 0
35 1
6 0
222 0
64 1
23 1
178 0
164 1
90 0
215 1
65 0
31 0
161 1
159 0
9 0
12 0
109 1
252 0
133 0
14 0
104 1
166 0
71 1
85 1
95 1
107 0
66 1
5 1
130 1
173 0
138 1
248 0
187 0
132 1
118 0
103 0
73 0
95 0
237 1
111 0
53 0
171 0
62 0
41 1
231 0
103 1
246 0
102 0
167 1
63 0
141 1
18 1
94 0
149 0
166 1
65 1
149 1
12 1
34 0
141 0
171 0
195 1
130 1
62 0
249 1
120 0
196 0
220 0
170 1
80 1
23 1
214 0
58 1
60 1
126 0
25 1
124 1
199 0
7 0
150 1
110 1
85 0
11 0
142 0
83 0
238 0
247 0
109 0
38 0
60 0
182 0
133 0
169 0
149 0
207 1
235 1
201 1
181 1
179 1
172 1
204 1
8 1
65 1
115 0
84 0
6 1
255 1
212 1
11 1
184 0
2 0
104 0
56 0
244 0
201 0
139 0
20 0
63 0
247 0
106 1
14 0
131 0
145 1
205 0
44 1
46 0
71 0
151 1
181 0
80 0
56 1
233 1
73 1
122 1
193 1
110 0
178 1
146 1
115 0
40 0
210 1
64 1
130 1
70 0
171 0
35 1
223 1
171 0
95 1
130 0
243 1
145 0
115 0
115 1
88 1
11 0
53 0
171 0
159 0
60 1
110 0
170 0
90 1
165 1
236 1
86 1
204 0
4 1
178 1
124 1
249 1
30 1
126 1
237 1
194 1
83 1
134 0
15 1
251 1
124 1
134 1
113 1
43 0
252 0
148 1
193 1
214 0
53 0
251 0
130 0
66 1
244 1
81 0
155 1
165 0
71 0
10 0
193 0
98 1
125 1
191 1
160 0
90 1
183 0
10 1
225 1
100 0
93 1
219 1
157 1
189 0
161 1
19 0
168 1
239 0
37 0
143 1
124 0
12 0
162 0
97 0
123 1
187 0
74 1
128 1
51 0
71 0
104 1
101 1
136 0
232 1
187 0
63 0
228 0
29 0
51 1
139 1
11 0
217 0
5 0
80 0
146 1
96 0
33 1
234 1
134 0
220 1
138 0
7 0
11 1
166 0
191 0
48 0
95 1
116 0
110 0
100 1
212 1
37 0
172 1
133 1
207 0
63 1
125 0
180 1
234 1
142 0
51 0
119 0
204 1
163 0
38 0
196 1
204 1
156 1
34 1
34 0
202 0
201 1
126 0
25 1
187 0
205 0
27 1
79 0
107 1
62 0
46 1
160 1
213 1
210 1
131 0
219 0
96 1
221 0
199 0
237 1
86 1
132 1
193 0
65 0
93 0
26 0
176 0
91 1
176 1
28 0
62 1
108 1
201 1
85 1
238 0
204 1
231 0
61 0
155 1
27 0
164 1
168 0
121 1
162 1
237 1
214 1
11 1
213 1
191 0
243 0
182 1
246 0
215 1
196 0
231 1
191 1
135 1
206 0
235 1
205 0
105 1
52 1
139 1
230 1
100 1
113 0
92 1
57 1
184 0
93 0
227 1
171 0
220 1
135 1
5 1
104 0
240 0
21 1
242 1
169 1
137 1
138 1
160 0
229 0
71 0
236 0
80 1
168 0
251 0
85 1
22 1
189 1
19 1
97 0
104 0
59 0
79 0
98 0
208 0
177 0
46 1
37 1
172 0
191 0
69 0
135 0
32 1
158 0
149 0
102 0
112 1
15 1
54 1
105 0
205 0
99 1
29 1
112 0
135 1
16 0
138 0
97 1
214 1
90 0
203 1
175 0
37 0
217 1
148 0
75 1
252 1
183 0
148 1
246 0
150 0
226 1
246 0
55 1
170 0
80 0
244 1
185 1
92 1
25 1
151 0
159 1
105 1
48 1
163 1
143 0
120 0
0 1
130 1
253 0
16 0
116 1
223 1
86 0
79 0
168 0
155 1
109 1
5 1
83 0
124 0
56 1
106 0
46 1
50 1
102 0
230 1
76 1
116 0
100 1
199 0
54 0
182 1
198 1
231 0
183 0
19 1
23 1
102 1
137 1
159 0
35 0
239 1
47 0
99 0
40 0
221 1
11 0
178 0
244 0
143 0
115 0
118 0
9 0
39 0
52 0
171 1
231 0
55 1
158 0
228 1
106 0
203 0
157 1
172 0
151 1
226 1
56 1
60 1
0 1
165 0
13 0
35 0
50 1
71 1
244 1
192 0
185 0
212 1
56 0
2 0
212 0
37 1
9 1
98 0
4 0
167 0
122 1
126 0
93 0
29 0
8 0
231 1
64 1
38 1
89 1
136 0
105 0
33 0
214 0
32 1
192 0
253 1
25 1
88 1
176 0
8 0
17 0
172 1
38 1
251 1
29 1
133 0
142 0
118 1
244 1
179 0
107 1
133 0
223 0
144 1
161 1
115 1
147 1
200 0
193 0
116 1
113 0
100 0
52 0
241 0
213 0
79 1
40 1
170 0
144 0
147 0
247 0
31 1
194 1
209 0
64 0
79 0
191 1
251 1
152 0
128 0
43 1
78 1
174 1
243 0
170 0
195 0
89 0
155 0
185 1
7 1
158 1
196 1
48 1
137 1
71 1
34 1
247 0
106 1
102 1
146 0
21 0
116 0
125 0
113 0
212 0
218 1
207 1
163 0
215 1
202 1
6 1
154 0
45 0
106 1
212 1
85 1
190 1
137 0
147 0
191 0
190 1
137 0
57 1
6 0
239 0
117 1
57 0
42 0
117 1
238 0
104 1
14 0
71 1
10 1
27 1
92 1
102 1
83 0
185 1
44 0
96 0
207 1
191 1
238 1
88 0
249 1
212 1
61 0
240 0
41 0
42 1
122 1
40 1
253 0
217 0
99 1
137 0
113 0
72 1
151 1
194 1
253 0
126 1
56 0
238 1
51 0
187 1
119 0
30 1
225 1
185 1
153 0
191 1
28 0
132 0
90 1
240 0
86 1
163 0
163 1
223 0
15 1
43 1
249 0
200 1
54 0
218 1
21 1
63 0
103 0
27 1
78 1
142 1
91 0
238 1
183 0
192 0
143 0
84 0
45 1
41 0
167 0
161 0
21 1
251 1
13 0
134 0
184 1
36 0
184 0
63 1
73 1
218 0
4 0
25 0
102 1
229 0
251 0
176 0
15 1
191 1
192 0
227 1
197 1
108 1
24 1
194 1
57 1
234 1
122 1
119 0
97 0
194 0
135 1
180 1
237 0
103 1
40 0
77 0
165 0
150 1
177 0
194 0
117 1
239 0
175 0
187 1
232 0
32 1
163 0
73 0
127 0
172 1
72 0
117 1
174 0
181 0
128 1
249 0
226 1
121 1
231 0
101 1
218 1
182 1
87 1
150 0
111 0
176 1
110 1
255 0
51 0
147 1
20 1
92 0
229 0
129 1
42 1
181 1
109 1
110 0
105 1
159 1
74 1
34 1
201 1
18 1
15 0
137 0
148 0
153 1
15 0
108 0
61 0
34 0
39 1
127 1
175 0
154 0
42 1
214 0
209 1
143 1
5 1
1 1
223 1
216 1
247 1
186 0
16 1
75 0
85 1
146 1
71 1
6 1
39 0
38 0
19 1
249 0
24 0
36 0
77 1
60 1
14 1
42 0
182 1
73 1
197 1
0 1
100 0
26 0
91 0
78 0
151 1
234 0
52 0
145 1
150 1
85 1
6 0
130 0
187 0
70 0
51 1
214 0
89 0
48 1
26 1
234 0
188 1
18 1
227 1
99 1
150 1
35 0
63 0
12 0
164 0
198 0
51 0
138 0
166 0
240 1
207 0
13 0
218 1
171 1
12 1
46 0
115 1
49 1
205 1
226 1
24 0
132 1
147 1
245 0
73 1
214 1
8 1
108 1
78 1
244 0
58 1
58 0
32 1
71 0
62 1
178 0
118 0
77 0
105 0
73 0
55 0
208 0
117 0
181 1
228 1
229 0
31 0
25 1
12 0
157 0
0 1
77 0
45 1
222 0
113 1
71 1
21 0
209 1
72 0
209 1
74 1
195 0
91 0
122 1
230 0
17 1
88 0
136 0
183 0
230 1
138 1
3 0
59 0
185 1
224 0
45 0
199 1
162 1
200 0
161 0
166 1
254 0
83 1
136 1
11 1
216 0
59 0
60 1
187 0
102 0
133 1
152 0
27 0
13 0
86 1
231 0
92 1
215 1
107 0
218 1
88 0
105 1
22 0
58 1
37 0
139 0
147 0
150 1
141 0
74 0
175 1
55 1
189 0
30 0
32 1
36 1
57 0
6 1
116 1
94 0
113 1
236 0
139 1
215 1
90 0
31 0
172 0
165 0
121 1
119 1
242 1
22 1
16 0
3 1
177 0
113 1
73 1
92 1
68 1
147 1
178 0
0 1
2 1
154 0
159 1
109 0
213 0
237 1
240 1
190 0
38 0
45 0
198 0
35 1
240 1
176 1
218 0
131 0
184 0
82 0
210 0
124 1
84 0
81 1
79 0
156 1
94 1
231 0
148 1
118 0
9 1
67 1
48 0
144 1
44 1
12 1
173 1
159 0
238 0
205 0
134 1
86 0
160 0
46 0
230 1
35 0
67 0
107 1
194 1
192 1
202 1
111 0
132 1
157 1
178 0
144 1
24 1
194 0
42 0
249 1
10 1
2 1
202 0
214 0
134 0
28 0
249 1
97 1
171 0
14 1
150 1
145 0
204 1
187 1
81 1
175 1
162 0
229 0
27 1
106 0
144 1
116 1
210 1
212 0
129 1
122 0
239 1
76 0
11 0
54 1
71 0
240 1
233 1
248 1
162 0
28 1
192 1
169 0
177 1
177 1
206 0
48 1
174 0
254 1
110 0
160 1
151 0
195 1
39 0
204 0
48 1
178 0
71 0
9 0
227 1
100 0
246 0
147 0
65 0
195 1
113 1
242 1
223 1
48 0
81 1
67 0
228 1
41 1
206 1
180 1
231 1
199 0
229 1
222 0
113 1
226 0
89 1
177 1
203 1
174 1
233 0
230 1
26 1
50 0
196 1
57 1
134 0
17 1
172 1
248 1
25 1
218 1
157 0
233 0
43 0
112 0
215 0
237 0
99 0
20 0
21 1
230 1
107 0
189 1
234 0
183 0
128 0
142 1
101 0
229 0
109 0
40 0
179 0
144 0
250 0
52 1
77 0
85 0
44 0
41 1
176 1
222 1
162 1
163 1
81 0
103 1
224 0
157 0
76 0
188 1
191 0
110 0
212 1
215 0
14 0
228 0
239 1
47 0
140 1
71 0
181 1
176 0
116 0
131 0
252 0
241 1
230 1
6 0
220 0
216 0
186 1
18 1
210 0
36 1
124 1
115 1
117 0
186 0
100 1
228 0
93 1
252 1
82 1
32 0
101 1
116 0
198 1
220 0
131 1
126 1
12 0
51 0
190 0
177 0
159 0
59 1
138 1
225 0
106 1
195 0
8 1
164 1
181 1
238 0
210 1
224 0
162 0
93 0
44 0
238 0
51 0
13 0
178 0
175 1
224 1
79 0
33 0
132 1
99 0
141 0
83 1
247 1
56 1
133 0
52 0
228 1
125 0
13 0
55 0
86 1
211 0
186 0
41 0
67 0
248 0
82 0
224 1
165 1
77 0
174 1
115 1
34 0
202 1
148 0
170 1
48 1
126 0
103 0
175 0
167 1
101 0
253 1
225 1
185 0
81 1
170 0
122 1
113 1
192 1
115 0
3 1
220 0
100 0
6 1
32 1
205 1
149 0
147 0
226 0
206 1
153 1
4 1
83 0
40 1
4 1
79 1
36 1
173 1
2 0
89 0
95 0
41 0
132 1
195 1
38 0
124 0
39 1
28 0
121 1
225 1
106 0
115 1
140 1
154 1
25 0
164 0
208 0
84 0
163 1
102 1
180 1
161 1
149 1
159 0
73 0
190 0
30 1
178 1
40 0
40 0
22 1
206 1
66 1
30 0
137 1
5 0
53 1
56 1
220 1
31 1
156 1
200 0
12 1
13 1
214 0
29 0
248 0
132 0
69 1
194 0
242 1
6 0
98 1
91 1
172 1
82 1
58 0
120 1
121 0
228 0
73 0
38 0
228 0
175 0
135 0
17 0
244 1
69 1
116 0
191 1
248 0
62 0
114 0
167 0
205 0
92 0
118 1
49 0
147 1
200 0
234 0
223 1
130 0
45 0
17 1
177 1
96 1
72 1
41 0
60 0
44 0
17 1
112 0
156 1
198 1
78 0
159 1
7 1
155 0
148 0
88 0
193 1
138 1
101 0
208 1
141 1
29 1
178 1
71 0
27 1
44 0
254 1
165 0
147 0
8 0
180 1
213 1
179 0
194 0
234 1
234 0
44 0
115 0
75 0
139 0
11 0
160 0
200 0
171 0
9 0
17 0
57 1
13 1
18 1
216 1
176 0
29 0
67 0
164 1
139 0
81 0
1 1
141 1
111 0
40 1
170 0
248 0
168 1
114 0
46 1
199 0
169 1
141 0
94 1
139 0
106 0
79 1
23 1
75 0
76 1
182 1
18 0
200 0
201 0
124 0
149 0
124 1
162 0
158 1
61 0
90 0
150 1
192 1
215 0
84 0
217 0
6 1
118 1
130 0
164 1
201 0
87 1
245 1
24 0
123 1
13 1
120 0
79 1
58 0
106 0
229 1
148 1
183 0
4 0
144 1
231 0
142 0
159 1
47 1
156 0
173 0
204 0
77 1
89 0
242 0
106 1
102 1
164 1
208 0
28 1
131 1
102 0
200 1
38 1
219 0
185 0
45 1
41 0
216 0
190 0
146 0
43 1
118 0
16 0
208 0
44 0
68 0
205 0
108 0
171 1
103 0
39 1
224 1
184 1
185 1
139 1
187 1
80 1
115 0
76 0
22 1
125 0
71 1
255 1
173 1
70 1
78 0
78 1
86 0
35 0
151 1
44 0
35 1
224 0
166 1
174 1
252 1
110 1
141 0
179 0
81 1
204 0
48 0
251 1
229 0
53 0
55 1
134 0
209 0
232 0
8 0
71 0
228 0
129 1
79 0
14 0
20 1
126 0
112 1
193 1
236 1
244 1
140 0
250 0
116 1
146 1
197 1
233 1
149 0
219 0
3 1
5 1
190 0
176 1
186 1
197 1
248 0
39 0
183 0
49 1
35 0
110 1
135 1
97 1
211 0
162 0
173 1
184 0
232 0
236 0
183 0
243 0
68 0
111 1
132 0
251 0
187 0
118 1
87 0
114 0
249 0
40 0
13 1
36 1
157 0
244 0
216 0
144 0
166 1
163 1
187 0
12 1
139 1
145 0
155 1
148 1
122 0
59 1
183 1
147 0
136 1
0 0
99 0
204 0
230 1
244 1
165 0
34 0
76 1
187 1
248 1
50 0
216 1
89 1
65 1
45 0
18 1
28 1
168 0
163 0
104 1
106 0
221 1
19 1
209 0
100 1
236 1
108 0
171 1
108 1
41 1
174 0
21 1
105 1
44 0
252 1
61 1
38 1
203 1
189 1
190 0
206 1
104 0
70 0
241 1
155 0
199 1
170 0
75 1
87 0
82 0
173 1
106 1
199 1
57 0
210 0
209 0
122 0
102 0
72 0
123 1
243 1
79 0
164 0
255 0
186 1
228 0
15 0
186 0
47 1
77 1
33 0
8 1
239 1
205 0
10 0
228 0
206 1
69 1
230 1
187 0
149 1
250 1
233 0
163 0
13 0
58 0
214 0
163 0
50 1
225 0
31 1
233 0
215 1
59 1
105 0
224 1
58 1
9 0
49 0
102 0
214 1
80 1
44 1
147 0
59 0
90 0
209 0
149 1
169 0
203 0
143 1
184 0
135 1
70 0
185 1
172 0
16 0
5 0
233 0
90 1
18 0
36 1
200 1
137 1
0 0
210 1
135 0
194 0
251 1
198 0
129 1
71 0
101 0
224 1
122 1
63 0
137 0
87 1
107 0
184 0
88 1
111 0
153 0
11 1
154 1
139 0
48 0
45 1
21 0
180 0
107 1
180 1
95 0
233 1
7 0
96 1
43 1
220 1
145 1
27 0
209 0
5 1
185 0
244 1
254 0
191 1
30 1
21 1
148 0
194 0
51 0
155 0
123 1
102 0
78 0
68 0
243 0
247 0
37 0
247 0
21 0
126 0
126 1
136 0
95 0
206 1
93 1
85 1
205 1
95 0
58 0
179 0
8 0
101 0
227 0
210 1
64 1
18 1
168 0
177 0
48 1
227 1
235 1
6 1
106 0
243 0
107 0
242 0
175 1
249 0
42 0
132 0
162 1
65 1
41 0
145 1
19 0
187 1
32 1
151 0
28 1
162 1
0 0
60 1
73 1
189 1
229 0
194 0
150 1
124 0
220 0
142 1
243 0
112 0
29 0
34 0
20 0
64 1
221 0
192 0
253 1
130 0
203 0
66 0
6 1
89 1
153 1
117 1
185 1
81 0
255 1
13 0
158 0
17 0
72 0
147 1
94 0
140 1
43 1
175 0
8 1
227 1
12 1
145 1
48 0
234 1
183 0
254 0
8 1
108 1
24 0
110 1
131 0
173 1
248 0
119 0
24 1
238 1
155 0
192 1
200 0
135 1
57 0
156 1
129 0
245 1
190 1
240 1
84 1
76 0
174 0
51 0
107 1
134 1
60 0
9 1
26 0
100 0
109 1
128 0
188 1
224 1
120 0
87 1
179 1
233 1
210 0
89 1
88 0
41 0
135 0
76 1
68 1
178 0
153 1
233 0
150 0
113 0
74 0
41 0
84 1
8 0
150 0
112 0
95 0
84 1
35 0
80 0
97 0
2 0
194 0
81 1
139 0
91 0
210 1
125 1
204 1
31 0
196 1
101 1
48 0
28 1
60 1
217 0
60 0
176 0
38 1
22 0
99 1
175 1
70 1
44 0
112 0
91 1
209 1
134 1
77 1
135 1
67 1
253 0
142 0
72 1
215 1
62 0
143 0
161 0
16 0
20 1
103 0
28 0
48 0
187 1
171 0
25 1
251 0
148 0
110 0
4 1
161 1
240 1
253 0
229 1
46 0
137 1
103 0
42 1
44 1
104 1
11 0
104 1
186 1
48 0
54 0
95 0
9 0
168 1
1 0
80 1
74 1
233 1
47 0
184 0
53 0
159 1
124 1
194 1
167 1
4 1
133 0
7 0
124 1
185 1
9 0
191 1
250 0
112 0
230 0
17 0
235 1
177 0
97 1
81 1
87 0
253 0
213 0
166 1
63 0
153 0
107 0
185 1
244 0
234 0
146 1
15 0
78 1
201 0
76 0
236 1
197 1
32 1
237 1
92 0
52 0
100 0
236 0
10 1
185 1
203 0
182 1
74 0
122 0
236 0
198 0
228 1
82 1
171 0
153 1
50 1
194 0
231 0
46 1
133 1
130 1
112 0
157 0
19 1
146 0
71 1
93 1
39 1
16 0
130 1
15 0
176 1
222 1
75 1
248 0
124 1
122 0
17 1
196 0
16 1
252 0
128 1
50 1
176 1
133 0
122 1
73 1
199 0
26 0
49 1
166 1
46 1
26 1
10 1
195 0
77 0
61 1
28 1
67 0
125 1
17 0
254 1
12 1
198 0
173 0
58 0
155 1
165 1
32 1
184 0
98 1
181 0
218 0
172 1
247 0
229 1
102 1
150 1
123 1
121 1
75 1
150 1
112 1
230 0
252 0
122 1
45 0
222 1
56 0
135 1
106 0
5 1
94 1
222 0
127 1
102 1
30 0
87 1
72 0
6 0
254 0
79 1
85 0
198 1
118 0
81 1
103 1
32 1
39 0
32 1
219 1
193 0
119 1
68 0
36 1
136 0
240 1
142 1
35 0
47 1
141 1
191 1
90 0
42 1
58 0
58 1
225 1
56 1
36 0
188 0
100 1
25 0
250 1
224 1
174 0
54 1
57 0
81 1
20 0
234 0
212 0
217 0
1 0
54 0
242 0
115 1
3 1
182 0
153 1
184 0
87 1
190 1
219 1
93 0
194 1
120 1
9 1
190 0
146 0
93 1
231 1
21 1
238 0
151 0
134 0
113 0
103 0
97 1
53 0
231 0
30 0
210 1
128 0
165 1
73 1
121 0
131 1
9 1
232 0
74 1
159 1
195 1
197 1
110 0
226 1
148 0
237 0
56 1
3 1
163 0
135 0
154 0
71 0
16 1
21 0
182 1
174 1
62 0
145 0
13 0
57 1
158 0
91 1
174 0
82 1
82 0
92 1
124 0
35 0
198 0
72 1
56 1
168 1
82 0
32 0
208 0
241 0
92 1
150 1
204 0
231 1
74 1
216 0
210 0
52 1
140 0
124 0
118 0
85 1
175 1
8 0
65 1
53 1
70 0
83 1
0 0
155 1
110 1
133 1
24 1
44 0
111 1
205 1
210 0
34 1
8 1
201 0
191 0
99 0
202 1
65 0
238 1
242 0
164 0
163 0
37 0
181 0
147 0
197 1
116 1
9 0
118 0
112 1
110 1
117 1
4 1
208 1
196 1
7 0
56 0
103 1
203 1
207 0
255 0
162 0
177 1
131 0
21 1
217 1
185 1
180 0
240 1
219 1
60 0
118 1
26 1
21 1
54 0
147 0
95 1
186 1
62 0
88 0
149 0
119 0
216 0
23 1
224 0
15 1
102 1
196 0
236 0
239 0
60 0
122 0
117 1
213 1
208 0
86 0
126 1
130 1
13 1
205 0
51 0
133 1
12 0
127 1
186 1
30 1
94 1
139 1
3 0
174 1
20 0
4 1
91 1
75 0
201 0
187 0
19 1
158 0
91 1
133 0
35 0
3 0
107 1
2 1
95 0
51 1
211 1
223 1
175 1
181 1
245 0
184 1
89 1
22 1
29 1
201 0
44 0
66 0
249 0
40 0
69 0
236 0
198 0
5 1
70 0
27 0
224 1
26 0
83 1
52 1
197 1
252 0
230 1
39 0
157 1
55 0
232 0
187 1
228 1
241 0
137 0
113 0
192 0
243 0
202 0
180 0
6 0
215 0
76 0
182 0
186 0
23 1
212 0
140 0
6 0
11 1
97 1
8 1
221 0
122 1
245 0
226 1
80 0
51 1
196 0
116 0
96 0
237 1
59 1
124 0
145 0
28 0
124 1
225 1
124 0
173 1
190 0
107 0
185 0
189 0
1 0
122 1
87 1
62 0
124 1
198 1
47 0
202 1
47 0
4 0
90 0
127 0
92 1
216 1
156 0
21 1
224 0
171 1
232 0
224 0
33 0
229 1
54 0
90 0
35 1
239 1
139 1
22 0
191 0
165 0
69 1
79 1
120 0
176 1
134 0
236 0
63 1
230 0
105 0
80 0
96 1
18 1
90 1
41 0
159 0
124 0
52 0
4 1
241 1
46 1
74 1
182 0
214 0
164 1
207 0
151 1
86 1
137 0
69 0
133 1
218 0
58 1
212 0
127 1
193 0
143 1
23 1
26 1
238 1
85 0
253 1
43 0
42 0
111 0
41 1
104 0
230 0
46 0
224 0
189 0
47 1
240 1
199 0
217 0
39 1
15 0
56 1
65 0
219 0
71 1
227 1
196 0
82 0
161 0
63 0
67 1
106 1
181 0
56 1
11 1
113 1
138 0
94 1
237 0
184 0
98 0
26 0
27 1
21 1
157 1
16 1
227 1
107 1
157 0
61 0
122 1
163 1
1 0
171 1
98 1
202 1
212 0
87 0
115 1
152 1
221 0
46 0
107 0
202 1
207 1
11 1
79 1
202 1
184 1
186 0
78 1
123 1
108 1
102 0
56 0
138 0
3 1
101 1
168 1
172 0
105 1
163 0
84 0
43 1
253 1
47 0
164 1
165 0
66 0
46 0
41 1
155 0
192 0
153 0
86 0
188 1
120 1
51 0
2 0
252 1
241 0
83 1
242 0
186 0
33 0
165 0
216 1
119 0
251 1
158 1
22 1
176 1
92 1
254 0
1 1
28 0
16 0
45 0
122 1
81 0
21 0
188 1
39 0
61 0
143 1
97 1
178 1
16 0
195 0
222 0
0 0
106 0
42 1
227 0
208 0
243 1
54 0
94 0
254 0
68 0
239 1
196 1
49 0
193 0
7 0
57 1
3 0
165 1
6 0
227 1
41 0
206 0
158 1
4 1
91 1
163 0
106 1
186 1
193 1
38 0
35 0
68 1
73 1
162 1
154 0
80 1
63 1
137 1
52 1
146 0
249 1
121 1
76 1
212 0
156 1
127 1
157 1
180 1
243 1
238 0
140 0
19 1
239 0
111 1
78 0
27 0
232 0
184 1
91 1
149 0
222 0
218 0
22 0
38 0
174 0
146 1
33 0
7 0
64 0
250 0
73 0
56 1
66 0
66 1
30 1
19 1
152 0
253 1
92 0
184 0
243 1
251 1
75 0
132 1
241 0
10 0
232 0
182 0
154 0
234 1
131 1
130 0
205 0
139 1
29 0
179 0
126 0
230 0
23 0
167 0
108 1
67 1
251 0
103 0
34 1
174 1
21 1
71 1
85 0
165 1
166 1
231 0
141 1
155 1
123 0
123 0
69 0
229 0
147 1
103 0
3 0
117 1
231 1
62 1
126 0
182 1
239 0
218 0
118 0
55 1
170 0
78 0
158 0
160 1
142 1
189 1
222 1
197 0
248 0
174 1
65 1
216 0
132 1
92 1
218 1
21 0
41 0
177 1
42 1
32 1
77 1
57 0
179 1
71 1
244 1
170 0
223 1
199 1
75 0
56 0
192 1
169 0
44 0
15 1
191 1
150 0
179 1
239 1
19 0
221 1
137 0
78 1
211 0
238 0
120 0
253 1
92 1
253 1
233 1
82 1
107 0
18 1
168 1
185 0
53 1
99 1
128 1
138 1
24 0
59 0
60 1
70 0
108 1
78 1
144 1
42 1
114 1
21 0
156 1
131 1
180 1
156 1
126 1
210 1
51 0
199 0
23 1
75 0
186 1
243 1
95 0
113 1
220 0
221 1
47 1
8 1
199 1
96 0
85 1
202 1
152 1
126 0
218 1
11 1
233 0
35 0
82 1
227 1
24 1
58 1
150 0
147 1
126 0
14 1
10 1
90 1
192 0
228 0
140 1
7 0
20 0
90 0
35 0
59 1
20 0
127 1
225 1
22 0
77 1
167 0
115 0
204 0
173 0
31 0
51 0
209 1
210 1
225 1
216 1
22 1
37 0
156 1
162 1
156 1
46 0
57 0
29 1
223 0
36 1
76 1
151 0
75 1
204 0
124 0
187 1
2 0
27 1
114 0
15 1
170 1
68 0
11 0
203 0
229 1
31 1
181 0
253 0
169 1
87 1
216 1
184 0
7 1
240 0
174 0
87 1
234 0
190 1
255 0
30 0
150 0
136 1
132 0
233 1
241 1
91 1
81 1
204 1
254 0
115 1
106 0
34 1
183 0
80 1
7 0
154 1
43 1
108 0
43 1
219 0
86 0
234 0
107 0
27 1
20 1
208 1
47 0
100 1
93 0
61 0
64 0
254 0
204 0
59 0
6 1
23 1
55 1
89 0
240 0
23 0
51 0
64 0
207 1
234 1
100 0
194 1
198 1
150 1
135 1
192 1
52 1
229 0
56 1
35 1
51 1
198 0
228 0
48 1
22 1
56 0
146 1
54 0
86 1
199 0
89 0
25 0
10 1
246 0
177 1
54 0
116 0
192 1
71 0
19 0
55 1
82 0
37 1
221 0
162 0
207 0
8 0
152 0
105 1
74 1
52 1
35 0
201 0
143 0
8 1
83 0
168 0
127 1
245 0
120 0
253 1
140 0
250 1
87 1
51 0
63 1
28 0
253 0
20 0
22 0
100 1
153 1
222 1
9 1
235 0
24 0
11 1
3 0
13 1
10 1
195 0
48 0
221 1
161 1
22 0
140 1
120 0
180 1
108 0
10 1
199 0
89 1
58 1
25 0
131 0
61 0
192 0
5 0
18 1
101 1
107 0
11 1
146 1
82 0
95 1
147 0
84 0
12 0
91 1
231 0
195 0
136 1
133 0
6 0
165 1
132 1
203 1
96 1
218 1
197 0
171 0
80 0
211 1
25 1
186 0
225 1
167 1
159 1
165 1
196 0
218 1
220 1
185 0
248 0
148 1
141 1
28 1
218 0
226 0
39 0
167 0
55 0
144 0
116 1
86 0
170 1
160 0
44 1
89 0
28 1
93 1
164 0
94 1
187 0
181 1
128 1
129 1
123 1
154 1
48 0
203 1
170 0
17 1
60 1
128 1
233 1
113 0
124 0
12 0
156 0
188 1
133 0
10 0
146 1
51 1
130 0
124 0
138 0
225 1
182 0
127 0
80 1
138 0
27 0
119 0
93 1
26 1
65 1
85 0
112 0
225 1
17 0
86 1
54 0
254 1
47 0
169 1
215 1
127 1
204 0
218 1
56 0
102 0
172 1
68 0
92 0
14 0
10 0
250 0
38 0
160 0
49 1
155 0
62 1
161 1
69 0
8 0
167 0
200 0
216 0
97 0
72 0
197 0
69 0
151 0
101 0
39 0
14 1
139 1
28 0
92 0
164 0
104 1
241 0
141 0
184 1
86 1
73 0
37 1
198 0
18 1
238 1
84 0
18 0
238 0
252 1
99 1
15 0
24 1
204 0
39 0
251 0
183 1
19 1
139 1
252 1
206 1
115 0
189 0
84 1
103 1
20 0
228 1
119 0
145 1
99 1
12 1
212 1
85 0
242 0
127 0
189 1
187 0
179 0
225 0
106 1
137 1
104 0
96 1
94 1
224 0
248 0
120 0
120 1
56 1
169 0
153 1
137 0
38 1
139 0
98 1
64 1
109 0
42 1
106 1
56 1
188 0
132 1
255 0
66 1
21 1
12 1
158 1
238 1
82 0
91 0
138 1
69 1
213 1
131 1
222 1
176 0
200 1
180 1
220 0
76 0
212 1
162 1
72 0
59 0
18 0
88 1
110 1
107 0
26 1
55 1
105 0
99 0
29 0
168 0
121 0
64 1
249 1
210 1
72 1
233 0
211 0
87 0
253 0
124 1
31 1
216 0
142 1
15 1
77 0
86 0
3 1
208 1
135 0
114 0
34 1
78 1
248 0
40 1
183 1
192 1
35 0
151 1
233 1
138 1
119 1
109 0
237 0
25 1
71 1
158 1
172 1
246 0
56 1
208 0
90 1
247 1
133 1
194 0
209 1
11 0
18 0
172 1
199 0
33 0
231 1
244 1
236 0
207 1
0 1
162 1
74 0
136 1
104 1
101 0
180 1
243 1
117 1
9 0
233 1
172 0
73 0
73 1
217 0
157 1
225 1
47 0
11 0
85 0
10 1
85 1
3 0
146 1
152 0
10 1
118 0
39 1
254 0
16 0
188 1
9 1
239 0
11 0
22 1
117 1
74 1
67 0
32 0
28 1
170 0
133 1
106 1
0 0
207 1
93 0
111 1
87 0
228 1
21 1
26 1
40 0
102 0
25 0
122 0
87 1
0 1
178 1
110 0
49 1
0 0
113 1
29 1
179 0
183 1
68 0
154 1
116 1
217 1
21 0
163 1
60 0
218 1
63 0
16 1
144 1
57 1
130 1
174 1
157 1
183 0
16 0
164 0
254 0
153 1
19 1
234 1
53 1
241 0
35 1
36 1
208 0
109 1
4 1
71 0
86 0
118 1
245 1
37 1
198 0
232 0
37 0
168 0
62 1
87 1
79 0
61 0
167 1
14 1
156 1
88 1
250 1
46 0
14 1
150 1
73 0
141 1
69 0
91 0
166 0
183 1
146 0
221 1
102 1
108 0
198 1
152 0
89 0
66 1
140 0
51 1
67 1
182 1
221 0
5 1
128 1
250 1
76 1
237 1
156 0
184 0
55 1
106 1
255 0
160 1
58 1
166 1
117 0
251 0
194 0
51 0
201 0
1 0
216 0
69 0
49 0
11 0
162 0
20 1
149 1
180 1
230 0
159 0
250 1
238 0
100 1
154 1
76 0
255 1
34 1
42 0
118 0
2 1
121 1
38 1
250 1
213 0
176 1
216 1
58 1
247 1
80 0
108 1
175 1
188 0
133 0
93 1
206 0
11 0
210 1
231 0
9 1
174 1
48 0
21 0
112 0
17 0
87 1
48 1
148 0
88 1
127 1
84 0
75 0
227 1
229 0
205 1
84 0
168 1
247 0
27 1
54 1
130 1
243 0
52 0
134 0
73 1
227 1
60 0
4 0
87 1
254 1
27 0
87 0
208 0
157 1
126 0
242 1
105 1
124 1
137 1
246 0
210 0
154 0
10 1
233 1
208 1
99 0
54 0
5 1
82 0
255 1
191 1
251 0
238 0
175 1
127 0
75 1
177 1
125 1
117 1
255 0
221 1
170 1
166 0
31 1
24 0
138 0
187 0
171 0
61 0
202 0
227 0
139 0
28 1
247 0
97 1
151 0
196 0
125 0
91 0
249 1
114 0
201 1
138 1
111 1
254 0
101 0
149 0
190 1
222 0
152 1
253 0
201 1
132 1
9 0
6 0
244 0
24 1
61 1
7 0
127 1
195 1
150 0
173 1
6 0
201 0
58 0
173 1
109 1
8 1
225 0
62 0
147 0
125 1
164 1
160 0
160 1
255 0
236 1
102 1
182 0
88 0
89 1
33 0
123 0
43 1
194 1
183 0
170 0
141 1
154 0
140 0
109 1
172 1
37 1
248 0
90 1
246 0
59 0
157 1
196 1
130 0
62 0
130 0
195 0
133 1
212 1
161 0
238 0
93 0
54 0
119 0
28 0
17 0
89 0
200 1
51 0
207 0
90 0
152 1
19 1
21 1
216 0
3 1
44 1
215 1
88 1
152 1
188 0
87 0
8 1
87 1
255 0
78 1
216 0
178 0
229 0
159 0
245 1
29 1
141 0
199 0
163 0
85 1
114 0
107 1
204 1
28 1
70 0
184 1
28 0
171 0
245 1
67 0
27 1
209 1
156 0
13 1
154 0
109 0
168 0
220 1
254 0
77 0
252 0
130 0
53 1
164 1
226 1
49 0
74 0
175 0
40 0
187 1
83 0
173 1
205 0
18 0
173 1
34 0
154 1
253 1
65 1
31 1
158 0
58 0
73 0
227 0
229 1
34 0
40 0
176 0
95 1
64 0
127 1
112 0
92 1
168 0
219 1
170 1
89 1
243 1
136 0
174 1
66 1
78 0
96 0
219 0
195 1
140 1
204 0
169 1
151 1
1 0
129 0
163 0
123 1
26 1
162 1
114 1
110 0
198 1
246 0
181 0
184 0
160 0
123 1
131 1
70 1
113 1
44 1
199 1
255 0
244 1
74 1
198 1
174 0
124 0
216 1
249 1
159 1
201 0
134 0
43 0
2 1
22 0
2 0
139 0
225 1
162 0
241 1
242 0
107 0
27 0
190 1
23 1
52 0
78 0
79 0
138 0
183 0
0 1
141 1
199 0
211 1
200 0
68 0
140 0
112 1
188 0
17 0
98 1
240 1
123 0
167 1
38 1
248 0
78 1
191 1
126 0
245 1
4 0
79 1
78 1
220 0
178 1
70 0
7 0
137 0
55 0
201 0
203 0
239 0
181 0
98 1
137 0
56 1
138 1
138 1
193 0
32 1
186 0
128 1
224 0
122 0
217 1
66 1
66 1
252 1
96 1
37 1
104 1
72 0
126 1
119 0
143 1
17 0
45 1
194 1
189 0
90 1
215 1
106 1
36 1
134 0
75 1
193 1
61 1
202 0
14 1
234 0
107 1
77 0
13 1
36 1
17 1
209 1
231 1
121 0
76 1
72 1
3 1
61 1
207 1
240 1
105 0
77 0
40 0
62 1
59 1
195 1
62 1
178 1
159 0
197 0
253 1
179 1
116 1
75 0
44 1
255 1
85 1
200 0
255 0
223 0
63 0
170 1
61 0
78 1
6 0
111 0
154 1
40 1
151 1
204 1
86 1
202 0
17 1
48 1
168 0
190 1
132 1
22 0
135 0
208 0
121 1
30 0
40 0
197 0
162 1
77 1
247 1
52 0
43 1
223 0
158 0
202 0
85 1
143 0
109 1
52 1
192 1
53 0
146 0
78 1
179 1
185 1
82 1
225 1
106 0
179 0
247 0
209 0
219 0
172 1
39 1
243 1
230 1
73 0
81 1
29 1
172 1
110 0
44 1
234 0
71 0
117 1
21 1
162 1
85 1
31 1
129 0
54 1
141 0
51 0
234 1
23 1
8 1
71 0
44 1
117 0
43 0
71 0
153 1
149 1
36 1
211 0
208 0
155 1
123 1
128 0
30 1
202 1
245 1
211 1
111 1
40 1
76 0
25 0
189 1
200 0
177 1
202 0
24 0
175 1
221 1
123 1
61 0
249 1
153 0
97 0
202 0
64 1
45 1
75 1
159 1
186 0
15 1
90 1
201 0
124 1
117 1
116 0
84 0
125 1
26 1
243 0
29 0
58 1
204 0
14 0
64 0
108 1
193 1
225 1
198 1
148 1
135 1
245 1
128 1
61 1
230 0
139 1
41 1
97 0
59 0
1 1
58 0
92 1
10 0
37 0
177 1
41 0
114 0
9 0
247 1
111 0
216 0
4 0
66 1
252 0
229 0
156 1
188 1
133 0
159 1
41 0
252 1
8 0
93 0
220 1
190 1
220 1
188 1
175 0
111 1
181 1
217 0
63 0
134 1
13 1
224 0
200 0
34 0
194 1
3 0
59 0
181 1
125 0
229 0
80 0
255 1
73 0
164 0
65 1
162 1
1 1
205 1
198 0
6 0
226 0
158 0
186 0
104 1
22 1
48 0
198 1
135 1
201 0
179 0
112 0
245 1
36 0
51 0
177 1
237 1
21 1
77 1
196 0
28 0
242 0
241 0
209 0
152 0
93 1
141 1
58 0
199 1
38 0
5 0
114 0
74 1
189 0
139 1
69 1
255 0
69 1
103 0
95 1
111 1
94 1
215 0
203 0
65 0
61 0
32 0
238 0
217 1
98 0
28 0
47 1
236 0
51 0
35 0
197 1
98 1
32 0
145 0
224 0
165 0
193 0
136 1
49 0
0 0
221 0
69 0
213 0
214 1
194 1
188 1
104 0
168 1
130 0
96 1
230 0
89 0
4 1
197 0
54 1
139 1
231 0
226 0
161 0
107 1
18 0
49 0
202 1
10 1
45 0
176 0
109 0
14 1
170 1
157 0
118 0
21 1
119 1
113 0
19 1
226 1
232 0
179 1
205 0
51 1
226 0
241 0
8 1
47 0
245 1
98 1
61 0
205 1
197 0
11 1
180 1
161 1
22 1
120 0
44 1
144 0
236 1
11 0
212 1
18 0
31 1
172 1
146 1
15 1
255 1
186 0
172 1
47 0
136 0
71 0
228 0
17 0
73 0
158 1
211 0
97 1
83 1
210 0
27 1
153 1
199 0
243 1
107 0
193 1
4 0
200 1
239 1
13 1
62 0
118 1
172 1
249 1
175 1
116 0
247 0
96 1
99 0
152 0
226 0
213 1
185 1
82 0
190 1
228 1
253 1
97 0
205 0
204 0
237 0
74 0
163 0
123 0
203 1
78 0
232 1
51 1
134 0
143 1
35 0
121 0
69 0
51 1
209 0
44 1
15 1
172 1
179 0
135 1
187 1
167 1
98 1
14 1
102 1
220 1
164 0
25 0
156 0
61 0
16 1
18 1
57 1
39 0
240 1
63 1
168 0
192 0
14 1
200 1
230 1
185 1
109 1
75 1
115 1
251 0
175 0
47 1
77 1
145 0
159 1
157 1
70 0
251 0
212 0
190 1
62 1
96 1
33 0
23 1
219 1
119 0
35 1
65 1
163 1
62 0
32 0
230 0
215 1
172 1
40 0
73 1
56 1
195 1
177 0
178 1
45 1
207 0
156 1
253 1
227 1
50 0
160 1
93 1
22 1
130 1
137 1
18 0
204 0
60 1
194 1
49 0
169 1
195 0
57 0
32 1
208 0
137 1
249 0
223 0
246 0
101 0
142 0
201 0
112 1
215 0
254 1
237 1
44 1
221 1
113 0
151 1
128 0
70 0
227 0
10 0
190 1
120 0
143 1
80 0
113 0
183 0
83 0
186 1
254 1
20 0
29 0
229 1
84 0
84 0
90 0
46 0
86 1
88 0
118 1
61 0
233 0
151 0
117 0
82 0
215 1
153 1
44 0
104 1
179 0
130 1
18 1
167 0
221 1
163 0
91 0
101 0
121 1
40 0
199 1
164 1
66 1
162 1
214 1
187 0
245 0
101 0
114 1
9 0
123 0
96 1
199 0
32 1
42 0
78 1
75 1
210 0
179 0
67 1
100 1
120 1
2 1
211 0
157 0
223 1
169 1
190 1
165 0
20 0
89 1
212 0
48 1
92 1
4 0
181 1
97 1
205 1
133 1
204 1
47 1
1 0
145 0
168 1
142 1
7 0
185 1
127 1
42 1
29 0
113 0
142 1
4 1
231 0
224 1
59 1
182 0
208 1
109 0
132 0
27 0
192 1
13 0
183 0
239 0
30 1
60 1
27 1
209 0
230 1
113 1
34 1
118 0
252 1
209 0
146 1
175 1
165 0
158 1
68 0
173 0
4 1
76 1
146 1
25 0
109 0
163 1
156 0
86 0
194 0
27 1
43 0
147 1
173 0
7 0
228 1
176 0
201 0
137 0
232 1
14 0
120 0
25 0
186 0
68 0
62 1
83 1
233 1
149 0
149 0
202 1
255 0
13 1
161 0
151 1
108 0
77 0
231 1
208 0
136 1
206 0
199 1
221 0
77 1
84 1
149 0
33 0
209 1
84 1
50 1
24 0
138 1
118 1
125 0
155 1
197 1
156 1
146 1
65 0
95 0
16 1
9 0
7 1
208 1
96 0
208 1
219 1
185 0
21 0
209 0
87 0
35 0
2 1
175 1
93 1
169 1
198 0
145 1
215 0
2 1
9 0
150 0
135 0
234 1
217 0
67 1
175 0
146 1
2 1
96 1
80 0
97 1
155 1
173 1
13 0
87 1
133 1
124 1
116 0
21 1
160 0
176 0
203 0
59 1
129 1
207 1
101 0
31 0
185 1
188 1
246 0
150 0
228 0
191 0
84 0
216 1
169 1
67 1
33 1
104 1
212 0
120 1
61 0
185 0
219 0
190 0
147 1
249 0
207 0
254 0
239 0
239 0
168 1
21 0
192 1
218 0
136 1
201 1
137 0
103 1
250 0
177 1
98 0
0 0
141 0
84 1
124 1
130 0
129 0
95 0
106 0
191 1
65 0
251 0
242 0
22 0
245 1
147 0
246 0
9 1
172 0
1 1
205 0
130 0
207 1
167 1
195 0
127 0
78 1
101 0
84 0
0 1
104 0
71 0
29 0
103 1
91 0
87 1
4 1
192 0
86 0
30 0
175 1
117 1
253 0
236 1
28 1
137 0
217 0
238 0
222 1
145 0
159 0
89 0
204 1
81 0
196 1
57 0
194 0
47 1
100 0
39 1
97 0
196 1
54 1
193 0
110 0
22 0
224 0
140 1
177 0
100 0
186 0
119 0
192 0
221 1
103 0
218 1
238 1
74 1
173 0
125 0
36 1
91 0
17 0
114 1
159 1
149 1
73 0
226 0
101 1
0 0
27 1
234 0
221 1
240 1
54 1
16 1
233 1
22 1
176 1
38 1
222 1
87 1
189 0
55 0
159 1
181 1
168 1
190 1
26 1
59 0
144 0
156 0
136 1
205 1
147 1
173 1
242 1
80 1
196 0
188 1
27 1
162 1
26 1
156 0
182 0
71 0
218 0
230 1
229 1
202 1
202 1
192 0
1 1
23 0
67 0
73 0
12 0
9 1
245 0
144 0
185 0
219 1
20 0
33 0
241 1
78 1
250 1
235 1
28 1
99 0
242 1
130 0
4 0
163 1
204 0
39 1
143 0
205 1
42 1
178 0
128 0
112 0
38 0
3 1
157 0
49 0
142 1
78 0
240 1
25 0
48 0
17 1
116 0
44 0
97 0
96 0
101 1
96 1
241 1
245 0
213 0
151 0
3 1
164 0
132 1
209 0
173 1
141 1
65 0
221 0
97 0
108 1
88 0
169 1
143 1
218 1
240 0
186 1
33 0
181 0
71 1
51 1
232 1
227 0
168 1
126 1
191 0
45 0
157 0
183 0
239 0
96 1
208 1
165 1
247 1
246 1
84 0
240 0
16 1
106 1
129 1
61 1
77 0
94 0
32 0
21 1
48 0
106 1
67 0
242 0
253 0
184 0
95 1
38 1
131 0
31 0
213 1
175 1
231 0
50 1
225 1
208 0
120 0
235 1
218 0
13 1
68 1
232 0
87 0
201 1
68 0
21 0
10 0
209 0
66 1
97 1
220 0
93 1
57 1
107 1
22 0
87 0
130 1
13 0
108 1
146 1
5 0
2 0
92 1
178 0
29 0
48 0
11 1
19 0
101 1
57 1
200 1
248 1
178 0
238 1
238 0
8 1
51 0
155 1
87 1
4 1
133 0
6 1
213 0
81 0
99 0
19 1
159 1
156 0
120 0
120 0
210 1
161 1
125 1
100 0
163 0
93 1
54 1
19 0
202 1
199 1
203 1
218 1
203 1
163 1
73 1
37 0
6 0
80 1
75 0
179 1
49 0
201 0
107 1
115 1
43 1
62 0
222 0
119 1
248 1
58 1
188 0
161 1
3 1
60 1
197 1
23 1
115 0
159 1
218 1
1 0
29 1
56 0
94 0
17 0
57 0
179 1
188 0
37 0
97 0
75 1
52 1
166 0
223 0
194 0
218 0
117 0
26 0
73 0
6 1
188 0
95 1
205 0
104 1
33 0
69 0
9 1
205 1
9 0
143 1
199 1
91 0
40 0
185 0
33 1
220 0
114 1
113 0
120 0
89 0
199 0
238 0
102 1
181 1
188 0
102 0
46 0
52 0
230 0
92 1
147 0
14 1
203 0
1 0
185 1
207 1
204 0
206 1
43 1
83 0
31 0
34 1
174 0
253 1
87 0
212 0
12 0
225 0
204 0
104 1
104 0
17 0
209 0
173 1
124 1
195 1
210 1
23 0
40 1
23 1
66 1
74 0
78 1
214 1
184 0
222 1
138 0
75 0
56 1
103 1
219 1
124 0
18 0
82 0
253 1
163 0
176 1
20 1
19 1
128 1
150 0
229 1
192 1
214 0
207 0
87 0
204 1
182 0
112 1
84 1
240 0
125 1
27 0
118 0
117 0
78 1
220 0
224 1
59 0
76 1
28 1
170 0
232 0
36 0
52 1
232 1
181 1
161 0
251 1
237 0
149 0
229 1
23 0
187 1
148 1
82 0
240 0
89 1
39 1
249 0
44 1
11 1
113 1
140 1
73 0
223 0
71 0
120 0
34 0
191 1
52 0
255 1
27 1
138 0
94 1
6 0
147 0
153 1
152 1
124 0
237 1
148 1
27 1
33 0
32 1
251 1
150 0
130 1
218 1
7 0
171 1
233 0
213 1
32 0
184 1
166 1
29 1
113 1
12 0
87 0
237 1
85 0
15 1
21 1
62 1
27 0
73 1
1 0
52 1
194 1
233 0
56 1
112 0
178 0
64 1
124 1
48 0
42 0
119 0
38 0
36 1
64 1
177 0
150 1
55 0
245 0
28 1
147 0
223 1
153 1
208 1
227 1
119 1
19 0
197 0
185 1
96 1
133 0
101 1
168 1
119 0
15 0
163 0
115 1
151 0
7 1
79 1
146 1
214 0
86 1
147 0
248 0
115 1
150 1
90 1
150 1
159 1
72 1
196 1
190 0
45 1
43 1
37 0
12 0
253 1
221 0
177 0
43 1
79 0
207 0
98 1
198 1
121 1
19 1
49 0
246 1
122 1
164 0
113 1
3 0
71 1
5 0
86 0
182 1
49 1
137 0
54 1
64 1
44 0
253 0
10 1
178 1
95 1
165 1
163 0
177 1
50 1
238 1
131 0
76 1
232 0
120 0
184 0
176 0
236 0
133 1
166 1
227 1
227 1
161 0
122 1
30 1
7 0
65 1
9 1
16 0
191 0
187 1
87 1
2 1
49 1
156 0
133 1
145 0
53 1
142 0
119 1
173 0
174 1
254 1
102 1
153 0
46 1
13 1
100 0
154 1
215 1
228 1
138 1
25 1
208 0
51 1
34 0
158 1
193 0
44 0
160 1
42 0
145 1
210 0
158 1
67 0
227 1
188 0
248 1
138 1
3 0
203 0
214 1
230 0
157 0
249 0
85 0
106 1
40 0
10 0
81 1
2 1
163 0
88 1
36 1
193 0
131 1
205 0
134 0
236 1
24 0
186 1
88 1
232 1
157 1
140 1
83 0
20 1
199 0
18 1
116 1
18 0
168 1
187 0
44 0
17 0
110 1
222 0
90 0
128 0
131 0
159 0
210 1
122 0
141 1
34 1
171 0
213 1
159 1
238 0
69 1
141 0
79 0
142 1
29 1
246 1
10 0
105 0
191 0
225 0
195 1
127 0
122 0
18 0
43 1
176 0
84 0
139 1
48 1
112 1
59 1
83 1
128 0
107 1
220 1
87 0
223 0
138 1
152 0
152 1
141 0
17 1
253 1
22 1
48 0
41 1
32 1
189 0
150 1
45 0
147 0
202 1
152 0
98 1
228 1
161 1
156 1
68 1
81 0
150 0
217 1
51 0
170 1
183 1
18 0
173 1
178 1
94 0
72 0
245 1
65 1
182 0
254 0
160 0
150 1
46 1
24 0
41 1
44 0
109 1
74 0
104 0
212 1
228 1
240 1
13 0
82 0
228 1
33 0
163 1
31 1
94 0
127 0
30 0
144 1
0 0
39 0
32 0
150 1
250 0
224 0
88 0
176 0
219 0
180 1
255 0
126 0
18 1
182 1
162 0
37 0
90 1
87 1
133 1
47 1
57 1
5 1
242 0
152 1
173 0
210 0
197 0
81 1
238 1
127 1
5 0
240 0
62 1
68 1
195 0
165 0
45 1
204 1
41 0
196 1
252 0
18 0
167 1
208 0
147 1
4 0
125 1
43 1
123 1
166 1
111 1
25 0
247 0
0 1
43 0
247 1
207 0
79 1
165 0
202 1
163 1
88 0
66 0
10 0
158 1
77 1
73 0
228 1
28 0
214 1
33 1
222 0
40 0
97 1
54 1
122 0
201 0
86 1
31 1
69 1
56 0
79 0
184 1
69 0
235 1
208 1
226 1
4 1
252 0
108 1
193 0
56 0
12 0
59 1
55 1
150 1
176 1
222 0
254 0
110 0
240 1
120 0
152 0
157 0
93 0
247 1
75 0
58 1
238 1
122 0
136 0
162 1
31 1
212 1
234 0
53 1
162 1
100 1
55 1
160 0
14 1
230 1
132 0
141 0
179 0
90 1
138 0
164 1
24 0
143 0
83 0
195 1
165 1
231 1
73 0
149 1
143 1
65 1
254 0
65 0
118 1
60 1
205 0
216 1
63 1
190 0
118 1
119 0
188 1
140 1
99 0
15 1
25 1
113 0
2 1
213 1
225 1
46 0
248 0
191 1
81 0
168 1
175 1
184 1
152 0
92 1
220 1
224 0
157 1
247 1
197 0
138 1
217 1
214 0
163 1
124 1
15 0
194 0
67 0
150 1
230 1
239 0
91 0
82 0
33 1
96 1
10 1
199 1
31 0
15 0
231 1
36 1
243 0
251 1
21 0
108 1
69 1
190 1
173 0
28 0
206 1
88 0
12 1
192 1
4 1
106 1
41 0
243 1
198 0
26 0
89 1
139 0
6 0
193 1
159 1
120 0
213 1
161 0
52 0
220 1
158 1
37 0
190 1
207 1
254 0
54 1
126 1
117 0
83 1
54 0
210 0
3 1
160 0
58 1
147 1
197 0
11 1
213 0
58 1
255 0
14 0
15 1
176 0
159 0
180 0
167 0
161 0
146 0
63 0
170 0
235 1
75 0
44 1
198 0
227 0
143 0
41 0
171 0
38 1
120 1
138 0
228 0
36 1
172 0
77 0
124 0
254 0
27 1
56 0
12 0
3 1
132 1
4 0
26 1
195 0
198 1
163 1
35 0
131 0
45 1
32 1
170 1
25 0
7 0
141 0
45 1
46 1
15 1
128 0
152 1
184 0
191 0
8 0
41 1
20 0
105 0
46 1
9 0
88 0
147 1
187 1
163 0
198 1
238 1
160 1
228 1
73 0
74 0
87 1
158 0
186 0
60 0
252 1
22 1
194 1
75 1
157 1
31 1
14 0
18 1
87 1
116 1
254 1
45 1
144 0
143 1
89 0
131 1
129 0
56 0
81 1
6 0
192 0
22 0
187 0
181 1
92 1
141 1
65 0
133 1
77 1
207 1
91 0
246 1
176 0
92 1
141 0
224 0
207 1
177 1
184 1
172 0
19 0
246 1
12 1
179 0
251 0
86 1
103 1
220 0
178 1
202 1
230 1
75 1
99 1
46 0
197 1
124 1
255 0
218 0
161 1
39 0
206 1
221 1
72 1
10 1
67 1
147 1
174 0
168 1
161 0
241 0
33 0
190 0
5 1
189 0
42 0
105 1
77 1
219 0
143 1
219 0
144 0
184 0
51 0
169 1
31 0
22 1
119 1
91 1
10 1
251 1
156 1
67 0
42 0
33 1
213 1
92 1
47 1
47 1
4 1
24 1
217 1
37 1
198 1
218 1
53 0
201 1
228 0
237 1
174 0
195 1
120 1
159 0
187 0
115 0
115 0
141 0
238 1
234 1
200 1
75 1
10 1
176 1
36 1
50 0
180 1
197 0
175 1
191 1
252 1
245 1
103 0
102 0
78 0
160 1
196 1
38 1
183 1
49 1
105 1
4 0
170 1
231 0
190 0
106 0
66 0
176 1
133 0
152 0
189 1
102 1
231 0
91 0
175 0
108 0
53 1
95 0
181 0
101 0
165 0
196 1
203 0
103 0
73 0
247 0
89 1
21 1
245 0
21 1
85 0
106 1
102 0
157 1
109 1
121 1
192 0
225 0
177 1
246 0
131 1
166 0
236 0
152 1
38 0
97 1
210 1
53 0
149 0
145 1
252 1
78 0
63 0
136 0
76 0
35 0
5 1
187 0
154 1
231 1
217 0
82 0
71 0
51 0
242 0
228 1
35 0
233 0
118 0
225 1
214 0
200 1
250 0
124 1
117 0
155 1
92 0
25 1
41 0
243 0
89 0
237 1
223 1
226 1
113 1
102 1
203 1
49 1
68 0
46 0
220 0
132 1
3 1
234 1
175 1
228 0
91 0
39 1
63 1
156 1
236 0
84 0
236 0
66 0
239 1
99 0
175 0
161 0
72 1
127 0
224 0
103 1
132 0
18 0
25 0
117 0
159 0
176 1
96 0
169 1
160 1
109 0
227 1
198 0
24 1
223 1
140 1
215 0
72 1
86 1
80 1
5 1
152 1
192 0
16 0
215 1
100 1
12 0
1 1
16 1
152 0
159 1
21 0
16 0
88 1
66 1
129 0
155 1
70 0
159 1
82 0
163 1
230 1
119 1
135 0
96 0
0 1
253 1
40 0
25 0
154 1
69 0
101 0
145 1
207 1
146 0
237 0
29 0
168 0
2 1
78 0
248 0
145 0
205 1
83 1
75 1
101 0
165 1
137 0
222 0
22 1
65 0
219 0
173 1
2 1
75 1
175 0
149 0
2 1
64 0
61 1
171 1
57 0
162 1
173 1
159 1
165 0
47 0
96 1
205 0
163 1
237 0
91 1
167 1
200 0
142 0
20 0
76 1
74 1
247 1
100 1
75 0
152 1
133 0
72 0
233 0
9 1
212 0
204 0
246 0
47 0
117 1
39 1
137 0
170 0
163 1
153 0
131 0
42 1
206 1
94 0
76 0
207 1
26 0
142 0
216 0
221 0
23 0
62 0
130 0
157 0
233 0
27 0
29 1
123 1
185 0
111 1
46 0
156 1
14 1
248 1
103 0
208 0
79 0
231 0
166 1
91 1
225 1
206 1
4 0
217 1
46 0
136 0
13 1
39 0
175 1
16 1
182 1
190 0
65 1
2 0
250 0
20 1
66 1
48 1
195 1
169 0
89 0
129 0
134 0
251 1
180 0
31 1
38 1
52 0
241 1
23 1
25 0
183 0
34 0
96 1
223 0
149 0
198 0
38 0
117 0
112 1
245 1
176 0
13 1
108 1
35 1
254 0
28 0
217 0
76 1
235 0
2 0
150 1
164 1
25 0
190 1
165 1
194 1
252 1
121 0
98 0
157 1
58 0
236 0
143 1
157 0
123 0
193 0
166 0
15 1
227 0
249 1
28 0
115 0
38 0
213 0
132 1
179 0
184 1
58 1
141 1
143 1
185 1
140 0
169 1
140 1
221 1
82 0
249 0
226 0
118 0
118 1
234 1
132 1
229 0
145 0
245 0
8 0
245 1
163 1
13 0
151 0
22 0
142 0
111 0
166 0
136 0
103 1
105 0
127 1
246 1
236 0
203 1
170 1
9 1
77 0
192 0
24 0
123 1
225 1
177 1
158 0
20 0
214 0
172 1
26 0
59 0
238 0
50 0
155 0
68 1
93 0
217 1
217 1
116 0
18 1
7 0
245 1
48 0
39 0
135 1
34 0
251 0
196 1
85 0
65 1
13 1
236 1
83 0
222 1
106 0
134 0
182 1
137 1
209 1
193 0
148 0
136 1
158 0
218 0
115 0
175 1
101 0
88 1
143 1
56 1
7 1
33 0
248 0
13 0
199 1
35 0
141 0
230 0
154 0
1 0
236 0
58 1
187 1
227 0
143 0
68 1
63 0
250 0
166 0
101 0
120 1
86 0
217 1
27 1
98 0
213 0
99 1
139 0
103 0
78 1
249 1
23 1
218 1
89 1
239 1
59 1
70 0
213 0
100 1
123 1
224 0
114 1
169 0
202 0
191 0
69 0
26 1
21 1
98 0
204 1
153 0
42 1
81 1
116 0
11 0
14 1
44 0
233 1
192 1
83 0
213 0
18 1
108 0
208 0
213 0
140 1
108 0
208 0
129 0
241 1
76 0
66 1
128 0
73 1
12 1
249 0
220 1
219 1
15 1
232 0
33 1
200 0
177 0
28 1
178 1
125 0
199 0
169 0
225 1
74 1
25 0
66 1
204 0
241 1
231 1
224 1
250 1
99 1
11 1
24 1
9 0
112 0
32 0
246 0
155 1
26 1
6 1
40 1
171 0
26 0
2 0
102 1
74 0
225 1
237 0
165 1
217 1
31 0
71 0
159 0
85 0
189 1
48 0
143 0
87 0
225 1
70 0
248 0
185 1
213 1
66 0
209 1
15 1
153 0
215 0
227 0
74 1
36 1
195 1
207 1
210 1
75 1
88 1
204 0
75 1
225 0
119 0
128 0
203 1
76 0
13 1
172 1
192 1
189 1
58 1
121 0
187 1
148 0
172 1
199 0
139 1
215 1
198 0
31 1
227 1
45 1
0 0
96 0
115 1
240 0
94 0
205 0
121 0
106 1
88 1
110 0
157 0
223 1
58 0
195 0
238 0
93 1
64 1
0 0
214 0
170 1
19 1
22 0
225 0
59 1
99 0
107 1
158 1
22 0
202 1
234 0
100 1
181 1
205 0
255 1
146 0
72 0
85 0
139 0
60 0
194 1
128 0
238 1
124 0
157 0
78 1
72 0
198 1
129 1
96 0
7 0
187 1
1 0
6 1
229 0
151 1
6 0
56 1
196 0
23 0
5 1
12 1
127 0
71 1
195 0
114 0
30 0
153 1
8 1
127 1
191 1
165 0
40 1
229 1
6 0
140 1
64 0
234 0
156 1
40 1
167 0
196 0
2 0
150 0
198 1
110 0
15 0
253 0
2 1
139 1
169 1
55 1
229 1
246 0
204 0
141 0
201 1
159 1
252 0
128 1
28 0
8 1
9 0
144 1
130 1
121 0
155 1
187 1
32 0
186 0
191 1
132 0
226 0
103 0
52 0
180 1
187 1
154 1
127 0
222 0
154 0
129 0
8 0
139 1
193 1
192 1
219 1
214 0
7 1
123 1
6 1
171 1
96 1
255 1
92 0
10 1
126 1
27 0
213 0
50 1
245 1
79 0
147 1
253 0
228 1
53 1
169 1
118 0
77 0
133 0
153 1
219 1
204 0
20 1
157 1
42 1
204 1
225 0
27 1
196 0
151 0
217 0
255 1
55 0
183 1
195 0
239 0
204 1
83 1
178 0
122 0
253 1
195 1
37 0
84 0
97 1
243 0
216 0
18 0
73 1
73 1
83 0
181 1
32 0
97 1
135 1
95 0
34 0
237 1
103 1
217 0
23 1
246 0
156 0
80 0
180 0
232 0
18 1
242 1
199 1
254 0
14 0
184 1
234 1
177 1
72 1
73 1
214 0
113 0
141 1
162 0
130 0
246 0
229 1
127 1
78 0
29 1
43 1
1 0
229 0
10 0
236 1
183 0
113 0
198 0
124 0
62 0
56 0
165 1
109 1
144 1
53 0
214 1
124 1
214 0
17 0
33 1
111 0
132 1
234 0
44 0
201 1
84 0
61 0
193 1
133 1
222 1
69 0
86 0
36 0
191 0
175 0
217 0
85 0
128 0
146 1
8 0
234 1
106 0
200 1
206 0
23 0
187 1
32 0
46 1
223 1
68 1
120 1
56 1
110 1
24 0
163 0
29 1
252 0
47 0
141 1
98 1
142 1
86 1
178 1
239 0
201 0
61 1
66 0
146 0
91 1
183 1
42 1
135 0
219 1
185 0
173 1
205 0
223 0
220 1
140 0
13 0
165 0
72 1
251 1
38 0
69 0
109 0
29 1
47 1
110 0
253 1
64 0
76 0
120 0
176 1
212 1
43 1
33 1
24 0
26 0
164 0
91 0
10 1
124 1
238 0
6 0
45 1
164 0
33 0
196 0
248 1
185 1
91 0
194 1
192 0
193 1
55 1
2 1
74 0
254 0
38 1
182 0
115 0
124 0
105 1
122 1
77 1
67 1
226 0
24 1
222 1
73 1
72 1
64 1
197 0
190 1
252 0
148 1
210 1
66 0
0 1
233 0
165 1
165 0
51 0
192 1
43 0
118 0
230 1
74 0
59 0
91 0
66 1
179 1
88 1
186 1
73 0
137 1
67 0
196 1
219 1
194 0
26 1
230 0
243 0
82 1
12 1
25 0
217 0
205 0
98 1
129 1
217 0
181 0
75 0
104 0
61 0
206 0
69 1
125 1
82 1
18 1
80 1
213 0
10 0
75 1
193 1
10 1
70 0
210 1
17 0
31 1
143 1
84 0
219 0
7 1
29 0
112 0
87 1
118 0
251 1
9 0
29 1
150 0
226 1
126 1
124 1
196 1
175 0
101 0
255 0
110 0
98 0
6 1
98 0
41 1
71 1
128 1
6 1
61 0
144 0
231 0
221 1
227 0
139 1
85 0
249 1
111 1
254 1
178 1
6 0
221 0
125 0
152 0
147 1
91 0
134 0
122 1
247 1
248 1
163 1
1 1
67 0
223 1
162 1
247 1
86 1
165 1
245 1
166 1
60 1
35 1
152 1
1 0
43 0
170 1
174 0
31 0
6 0
65 0
188 0
198 0
50 1
14 0
17 0
206 0
32 0
222 0
248 0
150 0
145 1
107 0
60 0
168 1
238 1
228 1
226 1
184 0
94 1
42 0
181 1
248 1
76 1
121 0
89 0
159 0
149 1
153 1
191 1
74 1
84 1
205 1
67 1
114 0
103 0
184 0
196 1
94 0
24 1
138 1
46 1
94 0
215 1
0 1
141 1
124 1
25 1
196 1
11 1
179 0
205 1
158 0
168 1
126 0
203 1
19 1
159 1
6 0
43 1
47 0
18 1
145 1
88 0
191 0
197 0
13 0
233 1
41 1
195 1
169 1
210 0
24 1
157 0
74 1
247 1
38 0
0 0
141 0
218 1
26 0
175 1
66 1
253 1
20 0
251 0
249 1
38 0
19 0
74 0
227 0
25 0
49 1
119 0
64 0
164 1
187 0
137 0
15 0
165 1
191 1
60 1
121 1
100 1
108 1
173 0
16 1
16 0
79 0
22 1
102 0
71 0
133 1
81 0
161 1
50 1
146 0
112 1
125 0
83 0
225 0
248 0
25 1
249 1
25 0
35 1
85 1
146 1
52 0
37 1
211 1
187 0
80 1
186 0
236 1
153 1
56 0
71 0
35 0
39 1
81 0
221 0
64 1
97 1
126 0
203 0
218 1
48 1
131 1
150 1
216 0
12 0
241 1
31 0
79 0
234 1
0 0
200 0
117 1
95 1
16 0
158 0
238 0
24 0
253 0
105 0
131 1
205 0
166 0
183 1
78 0
36 1
101 0
76 0
105 1
89 1
124 0
150 0
72 0
193 1
228 1
81 1
122 1
243 1
239 0
191 1
205 0
135 0
148 1
27 1
219 1
186 0
253 1
21 1
26 0
101 1
160 1
68 1
178 1
151 1
180 0
20 1
218 1
94 1
134 1
198 0
137 1
218 1
74 0
108 1
69 1
86 0
53 1
3 0
14 0
9 1
251 1
200 0
254 1
174 1
193 0
197 1
141 1
111 1
132 0
28 0
32 1
210 0
240 0
207 0
73 1
102 0
54 0
99 1
60 1
139 1
159 1
227 0
66 1
241 0
247 0
100 0
94 0
205 1
78 0
198 0
143 0
211 0
191 0
173 0
86 0
71 0
61 0
88 0
54 1
88 1
208 1
4 0
45 0
114 1
179 0
168 0
130 0
246 1
41 1
12 1
159 0
251 1
200 0
21 0
38 0
216 1
223 1
186 0
226 1
58 1
191 1
141 0
174 0
107 0
115 1
33 0
166 0
196 0
34 0
177 1
177 1
163 1
206 0
28 1
168 1
241 1
75 1
69 0
160 1
207 1
166 1
28 1
252 1
20 1
35 0
13 1
209 0
227 0
244 0
61 0
215 0
165 1
50 0
156 0
52 0
199 1
205 1
62 0
50 0
244 0
70 1
169 1
123 1
83 1
175 0
254 0
68 1
188 1
234 1
223 1
179 0
158 0
26 0
200 1
237 1
103 1
242 0
123 1
94 1
170 0
143 0
61 1
216 1
150 1
17 1
119 0
10 1
191 0
95 0
5 0
82 0
92 0
146 1
60 0
147 0
249 1
201 0
27 1
170 1
77 0
177 1
152 0
154 0
28 0
137 1
226 0
201 1
206 0
254 0
103 0
207 1
51 0
76 1
38 0
23 0
235 1
18 0
174 0
205 1
60 0
130 1
165 1
243 1
76 0
176 0
138 1
230 1
170 0
142 0
246 1
170 0
4 0
125 1
184 1
244 1
43 1
30 0
225 0
86 1
99 1
30 0
52 1
35 0
58 0
89 1
54 0
25 1
141 1
247 1
141 1
226 1
140 1
23 0
140 0
162 1
5 1
28 1
223 0
91 0
204 1
79 0
96 0
106 0
139 0
190 1
156 0
201 1
35 1
26 0
56 1
196 1
204 1
81 1
97 1
116 0
156 1
27 0
248 0
146 0
165 0
27 1
18 0
184 1
203 1
162 1
127 1
126 1
57 1
8 0
39 1
137 1
88 0
163 0
154 0
114 1
111 0
83 1
25 0
79 1
52 0
243 1
85 1
77 0
235 1
220 1
15 1
15 1
253 0
137 1
28 0
30 0
23 1
232 1
215 1
74 1
218 0
21 0
198 0
131 0
238 0
179 1
20 1
16 1
105 0
0 0
228 0
220 0
216 0
236 1
174 1
14 1
179 1
243 0
84 0
110 1
31 1
21 0
37 1
253 0
181 1
97 1
232 0
25 1
62 1
217 1
242 0
216 0
166 0
75 0
170 0
5 1
143 0
62 1
35 1
24 0
117 0
119 0
33 1
242 0
93 0
237 1
45 0
51 1
118 1
22 0
123 1
127 1
246 0
3 0
161 0
226 1
206 1
106 0
47 0
212 0
146 1
41 0
127 1
237 1
58 0
67 0
62 0
158 1
254 1
157 0
187 1
254 0
144 1
200 0
160 0
2 1
124 0
109 1
227 1
131 0
214 1
249 0
76 1
123 0
171 1
173 0
71 1
32 0
89 0
92 0
251 0
41 1
250 1
245 0
81 1
130 0
148 0
199 1
37 0
156 1
234 1
247 0
198 0
253 1
101 1
33 0
201 1
226 1
215 1
156 0
238 1
110 0
118 0
153 0
25 0
200 0
31 1
242 0
244 1
3 1
247 1
204 0
33 0
32 0
119 1
30 1
254 1
143 0
28 0
4 0
68 1
188 0
63 0
226 1
233 0
157 1
223 1
72 1
52 1
166 0
202 1
101 0
100 0
156 0
254 1
130 0
77 1
31 1
120 1
222 1
197 0
247 0
193 1
175 1
252 0
46 1
73 1
102 0
46 1
113 0
42 1
142 0
77 1
164 1
85 1
95 1
149 1
50 1
79 1
194 0
203 1
31 1
254 0
172 1
140 0
130 0
100 0
169 1
255 1
142 0
74 0
114 0
87 0
117 1
114 1
106 1
196 1
183 0
159 1
54 1
78 1
61 0
12 0
200 1
223 1
94 1
241 1
1 0
193 0
200 0
185 0
207 0
38 0
237 0
100 0
225 0
155 1
130 1
106 1
38 0
192 0
80 0
25 1
56 0
14 1
106 1
18 0
93 0
87 0
155 1
222 0
173 1
143 1
194 1
196 0
200 0
169 1
66 0
31 1
17 1
1 0
81 1
21 1
136 0
174 0
190 0
169 1
86 1
222 0
91 0
48 0
121 0
180 0
53 0
160 0
212 1
20 0
99 0
132 0
127 1
238 1
71 0
201 0
237 1
209 0
138 0
88 0
218 0
217 1
168 1
79 1
155 1
251 0
74 0
131 0
149 1
11 0
214 1
202 1
162 1
237 1
8 0
11 0
231 1
225 1
94 1
153 1
243 1
201 1
67 0
163 0
173 0
102 0
164 0
44 0
14 1
113 0
118 0
19 0
145 1
224 0
109 1
55 0
75 1
206 1
147 1
189 0
83 0
162 0
225 1
74 1
191 0
255 0
154 1
140 1
121 0
145 0
200 0
21 0
192 0
149 0
222 1
215 0
20 0
40 1
20 1
80 1
69 0
103 1
173 1
78 0
38 1
154 1
107 1
204 0
83 0
151 0
161 1
64 0
164 1
201 0
132 1
70 1
122 1
28 0
240 1
164 1
188 1
193 0
46 0
252 0
241 1
208 0
221 1
89 0
117 0
216 1
181 0
107 1
31 1
151 1
18 1
177 0
116 0
202 0
42 1
19 1
242 0
28 1
166 1
150 0
241 1
51 0
109 0
70 0
143 0
162 0
50 0
194 1
63 0
218 0
109 1
169 1
45 1
1 0
186 1
220 0
207 1
181 0
106 1
188 0
51 1
139 1
165 1
135 0
149 1
196 1
224 0
122 1
74 1
52 1
238 1
40 1
122 0
150 1
208 1
94 0
20 1
10 0
188 1
40 1
37 1
45 1
188 1
128 0
203 1
187 0
185 1
130 0
24 0
33 0
68 0
126 1
80 1
197 0
217 0
180 1
194 1
63 1
139 0
14 1
152 1
231 1
191 0
175 1
80 1
29 1
216 1
170 0
217 1
64 1
155 0
66 0
159 1
134 0
235 0
195 1
73 0
92 1
129 0
56 0
39 1
150 0
183 0
146 1
135 1
198 1
36 1
169 1
16 1
236 1
170 1
94 1
42 0
159 0
142 0
80 1
98 1
172 1
143 0
168 1
129 1
155 0
225 0
209 1
97 1
20 1
52 1
185 1
33 1
207 0
237 1
216 1
253 1
182 1
78 0
143 0
12 0
156 0
252 1
187 1
174 0
216 1
132 0
164 1
249 1
177 1
33 1
124 0
25 0
232 1
170 0
242 0
176 0
87 1
102 1
195 0
140 0
73 1
227 1
214 0
115 1
145 0
97 1
238 1
247 0
27 1
250 1
96 0
234 1
107 0
138 1
83 1
53 1
184 1
183 1
1 1
41 0
35 0
120 1
150 0
80 1
54 0
194 0
60 0
45 1
132 0
195 0
243 0
44 0
189 1
217 1
4 0
84 1
211 1
80 0
126 0
2 1
172 1
169 0
20 0
44 1
140 0
168 1
127 0
95 0
185 0
91 0
60 1
228 0
167 1
63 1
3 0
226 0
52 1
248 0
79 0
210 0
9 1
204 0
101 0
75 1
103 1
1 1
66 1
192 1
220 1
42 1
137 0
1 1
239 0
236 0
183 0
45 1
48 1
210 0
213 0
195 1
204 1
226 0
117 0
143 1
138 1
219 0
235 0
41 0
143 1
12 0
160 1
98 0
215 0
117 0
169 0
101 1
255 1
55 1
62 0
9 1
147 1
5 0
91 0
15 0
166 0
229 1
181 1
225 0
140 1
235 1
217 1
232 1
164 0
96 0
58 0
216 0
4 1
109 1
45 1
157 1
204 1
234 0
167 0
207 1
52 1
239 0
24 1
137 1
238 0
76 0
13 0
239 0
12 1
45 0
41 0
193 1
215 0
109 1
134 0
200 1
41 1
173 0
31 0
146 0
222 1
92 1
155 0
176 1
143 0
11 1
101 0
219 1
237 1
176 1
106 0
31 0
91 0
133 1
140 1
209 0
105 1
43 0
88 0
145 0
116 1
0 0
73 0
10 1
142 0
51 0
58 1
3 1
89 1
248 1
239 1
105 1
246 1
114 0
228 0
114 0
186 1
240 0
151 1
171 1
84 1
53 0
149 0
44 1
210 0
80 0
23 0
34 0
54 0
122 0
140 0
210 1
132 1
176 0
83 0
124 1
201 0
218 0
76 0
4 0
36 0
152 0
140 0
182 0
197 1
54 1
46 0
228 0
75 0
141 0
149 1
237 1
59 1
247 1
53 0
74 0
29 0
237 1
53 0
107 0
103 1
97 1
203 1
0 0
179 1
23 0
42 0
48 0
79 1
163 1
227 0
8 0
131 1
94 0
115 0
58 0
247 0
246 1
65 0
67 0
116 0
242 1
2 0
14 1
162 1
29 0
7 0
131 0
80 0
147 1
118 0
224 1
152 1
100 1
92 0
216 0
104 0
56 1
133 0
255 0
13 1
68 1
101 1
249 1
87 1
